.17,0,020:40:59
0.76,3.17,0,020:40:59
0.76,3.17,0,020:40:59
0.76,3.17,0,020:40:59
0.76,3.17,0,020:40:59
0.76,3.17,0,020:40:59
0.76,3.18,0,020:40:59
0.76,3.17,0,020:40:59
0.76,3.17,0,020:40:59
020:40:59
0.76,3.17,0,020:40:59
0.76,3.17,0,020:40:59
0.76,3.17,0,020:40:59
0.76,3.17,0,020:40:59
0.76,3.17,0,020:40:59
0.76,3.17,0,020:40:59
0.76,3.18,0,020:40:59
0.76,3.17,0,020:40:59
0.76,3.17,0,020:40:59
20:41:00
20:41:01
0.72,3.02,0,020:41:02
0.76,3.17,0,020:41:03
0.76,3.17,0,020:41:03
0.76,3.16,0,020:41:04
0.76,3.17,0,020:41:05
0.76,3.17,0,020:41:06
0.76,3.17,0,020:41:07
0.76,3.17,0,020:41:07
0.76,3.17,0,020:41:08
0.76,3.17,0,020:41:09
0.76,3.17,0,020:41:10
0.76,3.17,0,020:41:11
0.76,3.17,0,020:41:12
0.76,3.17,0,020:41:12
0.76,3.17,0,020:41:13
0.76,3.17,0,020:41:14
0.76,3.17,0,020:41:15
0.76,3.17,0,020:41:16
0.76,3.17,0,020:41:16
0.76,3.17,0,020:41:17
0.76,3.16,0,020:41:18
0.76,3.17,0,020:41:19
0.76,3.17,0,020:41:20
0.76,3.16,0,020:41:20
0.76,3.17,0,020:41:21
0.76,3.17,0,020:41:22
0.76,3.17,0,020:41:23
0.76,3.17,0,020:41:24
0.76,3.17,0,020:41:24
0.76,3.17,0,020:41:25
0.76,3.17,0,020:41:26
0.76,3.17,0,020:41:27
0.76,3.17,0,020:41:28
0.76,3.17,0,020:41:28
0.76,3.17,0,020:41:29
0.76,3.17,0,020:41:30
0.76,3.17,0,020:41:31
0.76,3.16,0,020:41:32
0.76,3.17,0,020:41:32
0.76,3.17,0,020:41:33
0.76,3.17,0,020:41:34
0.76,3.17,0,020:41:35
0.76,3.17,0,020:41:36
0.76,3.16,0,020:41:36
0.76,3.17,0,020:41:37
0.76,3.17,0,020:41:38
0.76,3.17,0,020:41:39
0.76,3.18,0,020:41:40
0.76,3.17,0,020:41:40
0.76,3.17,0,020:41:41
0.76,3.16,0,020:41:42
0.76,3.17,0,020:41:43
0.76,3.17,0,020:41:44
0.76,3.17,0,020:41:44
0.76,3.17,0,020:41:45
0.76,3.18,0,020:41:46
0.76,3.17,0,020:41:47
0.76,3.17,0,020:41:48
0.76,3.17,0,020:41:48
0.76,3.17,0,020:41:49
0.76,3.17,0,020:41:50
0.76,3.17,0,020:41:51
0.76,3.17,0,020:41:52
0.76,3.17,0,020:41:52
0.76,3.17,0,020:41:53
0.76,3.17,0,020:41:54
0.76,3.17,0,020:41:55
0.76,3.17,0,020:41:56
0.76,3.17,0,020:41:56
0.76,3.17,0,020:41:57
0.76,3.17,0,020:41:58
0.76,3.17,0,020:41:59
0.76,3.17,0,020:42:00
0.76,3.17,0,020:42:00
0.76,3.17,0,020:42:01
0.76,3.17,0,020:42:02
0.76,3.17,0,020:42:03
0.76,3.17,0,020:42:04
0.76,3.17,0,020:42:04
0.76,3.17,0,020:42:05
0.76,3.17,0,020:42:06
0.76,3.17,0,020:42:07
0.76,3.17,0,020:42:08
0.76,3.17,0,020:42:08
0.76,3.17,0,020:42:09
0.76,3.17,0,020:42:10
0.76,3.17,0,020:42:11
0.76,3.17,0,020:42:12
0.76,3.17,0,020:42:12
0.76,3.17,0,020:42:13
0.76,3.17,0,020:42:14
0.76,3.17,0,020:42:15
0.76,3.17,0,020:42:16
0.76,3.17,0,020:42:16
0.76,3.17,0,020:42:17
0.76,3.17,0,020:42:18
0.76,3.17,0,020:42:19
0.76,3.17,0,020:42:20
0.76,3.17,0,020:42:20
0.76,3.18,0,020:42:21
0.76,3.17,0,020:42:22
0.76,3.17,0,020:42:23
0.76,3.17,0,020:42:24
0.76,3.17,0,020:42:24
0.76,3.17,0,020:42:25
0.76,3.16,0,020:42:26
0.76,3.17,0,020:42:27
0.76,3.17,0,020:42:28
0.76,3.17,0,020:42:28
0.76,3.17,0,020:42:29
0.76,3.18,0,020:42:30
0.76,3.17,0,020:42:31
0.76,3.17,0,020:42:32
0.76,3.17,0,020:42:32
0.76,3.17,0,020:42:33
0.76,3.17,0,020:42:34
0.76,3.17,0,020:42:35
0.76,3.17,0,020:42:36
0.76,3.17,0,020:42:37
0.76,3.17,0,020:42:37
0.76,3.17,0,020:42:38
0.76,3.17,0,020:42:39
0.76,3.17,0,020:42:40
0.76,3.17,0,020:42:41
0.76,3.17,0,020:42:41
0.76,3.17,0,020:42:42
0.76,3.17,0,020:42:43
0.76,3.17,0,020:42:44
0.76,3.17,0,020:42:45
0.76,3.17,0,020:42:45
0.76,3.18,0,020:42:46
0.76,3.17,0,020:42:47
0.76,3.17,0,020:42:48
0.76,3.17,0,020:42:49
0.76,3.17,0,020:42:49
0.76,3.17,0,020:42:50
0.76,3.17,0,020:42:51
0.76,3.17,0,020:42:52
0.76,3.17,0,020:42:53
0.76,3.17,0,020:42:53
0.76,3.17,0,020:42:54
0.76,3.17,0,020:42:55
0.77,3.18,0,020:42:56
0.76,3.17,0,020:42:57
0.76,3.17,0,020:42:57
0.76,3.17,0,020:42:58
0.76,3.17,0,020:42:59
0.76,3.17,0,020:43:00
0.76,3.17,0,020:43:01
0.76,3.17,0,020:43:01
0.76,3.17,0,020:43:02
0.76,3.17,0,020:43:03
0.76,3.17,0,020:43:04
0.76,3.18,0,020:43:05
0.76,3.17,0,020:43:05
0.76,3.17,0,020:43:06
0.76,3.18,0,020:43:07
0.76,3.17,0,020:43:08
0.76,3.16,0,020:43:09
0.76,3.17,0,020:43:09
0.76,3.17,0,020:43:10
0.76,3.17,0,020:43:11
0.76,3.17,0,020:43:12
0.76,3.17,0,020:43:13
0.76,3.17,0,020:43:13
0.76,3.17,0,020:43:14
0.76,3.17,0,020:43:15
0.76,3.17,0,020:43:16
0.76,3.18,0,020:43:17
0.76,3.17,0,020:43:17
0.76,3.17,0,020:43:18
0.76,3.17,0,020:43:19
0.76,3.17,0,020:43:20
0.76,3.17,0,020:43:21
0.76,3.17,0,020:43:21
0.76,3.17,0,020:43:22
0.76,3.17,0,020:43:23
0.76,3.17,0,020:43:24
0.76,3.18,0,020:43:25
0.76,3.17,0,020:43:25
0.76,3.17,0,020:43:26
0.76,3.17,0,020:43:27
0.76,3.17,0,020:43:28
0.76,3.17,0,020:43:29
0.76,3.17,0,020:43:29
0.76,3.17,0,020:43:30
0.76,3.17,0,020:43:31
0.76,3.17,0,020:43:32
0.76,3.17,0,020:43:33
0.76,3.17,0,020:43:33
0.76,3.17,0,020:43:34
0.76,3.17,0,020:43:35
0.76,3.17,0,020:43:36
0.76,3.17,0,020:43:37
0.76,3.17,0,020:43:37
0.76,3.16,0,020:43:38
0.76,3.17,0,020:43:39
0.76,3.17,0,020:43:40
0.76,3.17,0,020:43:41
0.76,3.17,0,020:43:41
0.76,3.17,0,020:43:42
0.76,3.17,0,020:43:43
0.76,3.17,0,020:43:44
0.76,3.17,0,020:43:45
0.76,3.17,0,020:43:45
0.76,3.17,0,020:43:46
0.76,3.17,0,020:43:47
0.76,3.18,0,020:43:48
0.76,3.17,0,020:43:49
0.76,3.17,0,020:43:49
0.76,3.17,0,020:43:50
0.76,3.17,0,020:43:51
0.76,3.17,0,020:43:52
0.76,3.17,0,020:43:53
0.76,3.17,0,020:43:53
0.76,3.17,0,020:43:54
0.76,3.17,0,020:43:55
0.76,3.17,0,020:43:56
0.76,3.17,0,020:43:57
0.76,3.18,0,020:43:58
0.76,3.17,0,020:43:58
0.76,3.17,0,020:43:59
0.76,3.17,0,020:44:00
0.76,3.17,0,020:44:01
0.76,3.17,0,020:44:02
0.76,3.16,0,020:44:02
0.76,3.17,0,020:44:03
0.76,3.17,0,020:44:04
0.76,3.17,0,020:44:05
0.76,3.16,0,020:44:06
0.76,3.17,0,020:44:06
0.76,3.17,0,020:44:07
0.76,3.17,0,020:44:08
0.76,3.17,0,020:44:09
0.76,3.17,0,020:44:10
0.76,3.17,0,020:44:10
0.76,3.17,0,020:44:11
0.76,3.17,0,020:44:12
0.76,3.17,0,020:44:13
0.76,3.17,0,020:44:14
0.76,3.17,0,020:44:14
0.76,3.17,0,020:44:15
0.76,3.17,0,020:44:16
0.76,3.17,0,020:44:17
0.76,3.17,0,020:44:18
0.76,3.17,0,020:44:18
0.76,3.17,0,020:44:19
0.76,3.17,0,020:44:20
0.76,3.17,0,020:44:21
0.76,3.17,0,020:44:22
0.76,3.17,0,020:44:22
0.76,3.17,0,020:44:23
0.76,3.17,0,020:44:24
0.76,3.17,0,020:44:25
0.76,3.17,0,020:44:26
0.76,3.17,0,020:44:26
0.76,3.17,0,020:44:27
0.76,3.17,0,020:44:28
0.76,3.17,0,020:44:29
0.76,3.17,0,020:44:30
0.76,3.17,0,020:44:30
0.76,3.17,0,020:44:31
0.76,3.17,0,020:44:32
0.76,3.17,0,020:44:33
0.76,3.16,0,020:44:34
0.76,3.17,0,020:44:34
0.76,3.17,0,020:44:35
0.76,3.17,0,020:44:36
0.76,3.17,0,020:44:37
0.76,3.17,0,020:44:38
0.76,3.17,0,020:44:38
0.76,3.17,0,020:44:39
0.76,3.17,0,020:44:40
0.76,3.17,0,020:44:41
0.76,3.17,0,020:44:42
0.76,3.17,0,020:44:42
0.76,3.17,0,020:44:43
0.76,3.17,0,020:44:44
0.76,3.17,0,020:44:45
0.76,3.17,0,020:44:46
0.76,3.17,0,020:44:46
0.76,3.17,0,020:44:47
0.76,3.17,0,020:44:48
0.76,3.17,0,020:44:49
0.76,3.17,0,020:44:50
0.76,3.17,0,020:44:50
0.76,3.17,0,020:44:51
0.76,3.17,0,020:44:52
0.76,3.17,0,020:44:53
0.76,3.17,0,020:44:54
0.76,3.17,0,020:44:54
0.76,3.18,0,020:44:55
0.76,3.17,0,020:44:56
0.76,3.17,0,020:44:57
0.76,3.17,0,020:44:58
0.76,3.18,0,020:44:58
0.76,3.17,0,020:44:59
0.76,3.18,0,020:45:00
0.76,3.17,0,020:45:01
0.76,3.17,0,020:45:02
0.76,3.17,0,020:45:02
0.76,3.18,0,020:45:03
0.76,3.18,0,020:45:04
0.76,3.17,0,020:45:05
0.76,3.17,0,020:45:06
0.76,3.17,0,020:45:06
0.76,3.18,0,020:45:07
0.76,3.18,0,020:45:08
0.76,3.18,0,020:45:09
0.76,3.17,0,020:45:10
0.76,3.17,0,020:45:10
0.76,3.17,0,020:45:11
0.76,3.17,0,020:45:12
0.76,3.17,0,020:45:13
0.76,3.17,0,020:45:14
0.76,3.17,0,020:45:14
0.76,3.17,0,020:45:15
0.76,3.17,0,020:45:16
0.76,3.17,0,020:45:17
0.76,3.17,0,020:45:18
0.76,3.17,0,020:45:18
0.76,3.17,0,020:45:19
0.76,3.17,0,020:45:20
0.76,3.17,0,020:45:21
0.76,3.17,0,020:45:22
0.76,3.17,0,020:45:23
0.76,3.17,0,020:45:23
0.76,3.17,0,020:45:24
0.76,3.17,0,020:45:25
0.76,3.17,0,020:45:26
0.76,3.17,0,020:45:27
0.76,3.17,0,020:45:27
0.76,3.17,0,020:45:28
0.76,3.16,0,020:45:29
0.76,3.17,0,020:45:30
0.76,3.17,0,020:45:31
0.76,3.17,0,020:45:31
0.76,3.17,0,020:45:32
0.76,3.17,0,020:45:33
0.76,3.17,0,020:45:34
0.76,3.17,0,020:45:35
0.76,3.17,0,020:45:35
0.76,3.17,0,020:45:36
0.76,3.17,0,020:45:37
0.76,3.17,0,020:45:38
0.76,3.17,0,020:45:39
0.76,3.18,0,020:45:39
0.76,3.17,0,020:45:40
0.76,3.16,0,020:45:41
0.76,3.17,0,020:45:42
0.76,3.17,0,020:45:43
0.76,3.17,0,020:45:43
0.76,3.17,0,020:45:44
0.76,3.17,0,020:45:45
0.76,3.17,0,020:45:46
0.76,3.17,0,020:45:47
0.76,3.17,0,020:45:47
0.76,3.17,0,020:45:48
0.76,3.17,0,020:45:49
0.76,3.17,0,020:45:50
0.76,3.17,0,020:45:51
0.76,3.17,0,020:45:51
0.76,3.17,0,020:45:52
0.76,3.17,0,020:45:53
0.76,3.17,0,020:45:54
0.76,3.17,0,020:45:55
0.76,3.17,0,020:45:55
0.76,3.17,0,020:45:56
0.76,3.17,0,020:45:57
0.76,3.17,0,020:45:58
0.76,3.17,0,020:45:59
0.76,3.17,0,020:45:59
0.76,3.17,0,020:46:00
0.76,3.17,0,020:46:01
0.76,3.17,0,020:46:02
0.76,3.17,0,020:46:03
0.76,3.17,0,020:46:03
0.76,3.16,0,020:46:04
0.76,3.17,0,020:46:05
0.76,3.17,0,020:46:06
0.76,3.17,0,020:46:07
0.76,3.17,0,020:46:07
0.76,3.17,0,020:46:08
0.76,3.17,0,020:46:09
0.76,3.17,0,020:46:10
0.76,3.17,0,020:46:11
0.76,3.17,0,020:46:11
0.76,3.17,0,020:46:12
0.76,3.17,0,020:46:13
0.76,3.17,0,020:46:14
0.76,3.17,0,020:46:15
0.76,3.17,0,020:46:15
0.76,3.17,0,020:46:16
0.76,3.17,0,020:46:17
0.76,3.17,0,020:46:18
0.76,3.17,0,020:46:19
0.76,3.17,0,020:46:19
0.76,3.17,0,020:46:20
0.76,3.17,0,020:46:21
0.76,3.17,0,020:46:22
0.76,3.17,0,020:46:23
0.76,3.17,0,020:46:23
0.76,3.17,0,020:46:24
0.76,3.17,0,020:46:25
0.76,3.16,0,020:46:26
0.76,3.17,0,020:46:27
0.76,3.17,0,020:46:27
0.76,3.17,0,020:46:28
0.76,3.17,0,020:46:29
0.76,3.17,0,020:46:30
0.76,3.17,0,020:46:31
0.76,3.17,0,020:46:31
0.76,3.18,0,020:46:32
0.76,3.17,0,020:46:33
0.76,3.17,0,020:46:34
0.76,3.17,0,020:46:35
0.76,3.17,0,020:46:35
0.76,3.17,0,020:46:36
0.76,3.17,0,020:46:37
0.76,3.17,0,020:46:38
0.76,3.17,0,020:46:39
0.76,3.17,0,020:46:39
0.76,3.17,0,020:46:40
0.76,3.17,0,020:46:41
0.76,3.17,0,020:46:42
0.76,3.17,0,020:46:43
0.76,3.17,0,020:46:44
0.76,3.17,0,020:46:44
0.76,3.18,0,020:46:45
0.76,3.17,0,020:46:46
0.76,3.17,0,020:46:47
0.76,3.17,0,020:46:48
0.76,3.17,0,020:46:48
0.76,3.17,0,020:46:49
0.76,3.17,0,020:46:50
0.76,3.17,0,020:46:51
0.76,3.17,0,020:46:52
0.76,3.17,0,020:46:52
0.76,3.17,0,020:46:53
0.76,3.17,0,020:46:54
0.76,3.17,0,020:46:55
0.76,3.17,0,020:46:56
0.76,3.17,0,020:46:56
0.76,3.17,0,020:46:57
0.76,3.16,0,020:46:58
0.76,3.17,0,020:46:59
0.76,3.17,0,020:47:00
0.76,3.17,0,020:47:00
0.76,3.17,0,020:47:01
0.76,3.17,0,020:47:02
0.76,3.17,0,020:47:03
0.76,3.17,0,020:47:04
0.76,3.18,0,020:47:04
0.76,3.18,0,020:47:05
0.76,3.18,0,020:47:06
0.76,3.17,0,020:47:07
0.76,3.17,0,020:47:08
0.76,3.18,0,020:47:08
0.76,3.17,0,020:47:09
0.76,3.17,0,020:47:10
0.76,3.17,0,020:47:11
0.76,3.17,0,020:47:12
0.76,3.17,0,020:47:12
0.76,3.17,0,020:47:13
0.76,3.17,0,020:47:14
0.76,3.17,0,020:47:15
0.76,3.17,0,020:47:16
0.76,3.16,0,020:47:16
0.76,3.17,0,020:47:17
0.76,3.17,0,020:47:18
0.76,3.17,0,020:47:19
0.76,3.17,0,020:47:20
0.76,3.17,0,020:47:20
0.76,3.17,0,020:47:21
0.76,3.17,0,020:47:22
0.76,3.17,0,020:47:23
0.76,3.18,0,020:47:24
0.76,3.17,0,020:47:24
0.76,3.17,0,020:47:25
0.76,3.17,0,020:47:26
0.76,3.16,0,020:47:27
0.76,3.17,0,020:47:28
0.76,3.17,0,020:47:28
0.76,3.18,0,020:47:29
0.76,3.18,0,020:47:30
0.76,3.18,0,020:47:31
0.76,3.17,0,020:47:32
0.76,3.18,0,020:47:32
0.76,3.17,0,020:47:33
0.76,3.18,0,020:47:34
0.76,3.17,0,020:47:35
0.76,3.17,0,020:47:36
0.76,3.17,0,020:47:36
0.76,3.17,0,020:47:37
0.76,3.17,0,020:47:38
0.76,3.17,0,020:47:39
0.76,3.17,0,020:47:40
0.76,3.17,0,020:47:40
0.76,3.17,0,020:47:41
0.76,3.17,0,020:47:42
0.76,3.18,0,020:47:43
0.76,3.17,0,020:47:44
0.76,3.17,0,020:47:44
0.76,3.17,0,020:47:45
0.76,3.17,0,020:47:46
0.76,3.17,0,020:47:47
0.76,3.17,0,020:47:48
0.76,3.17,0,020:47:48
0.76,3.17,0,020:47:49
0.76,3.17,0,020:47:50
0.76,3.17,0,020:47:51
0.76,3.17,0,020:47:52
0.76,3.17,0,020:47:52
0.76,3.17,0,020:47:53
0.76,3.18,0,020:47:54
0.76,3.17,0,020:47:55
0.76,3.17,0,020:47:56
0.76,3.17,0,020:47:56
0.76,3.17,0,020:47:57
0.76,3.17,0,020:47:58
0.76,3.17,0,020:47:59
0.76,3.17,0,020:48:00
0.76,3.17,0,020:48:00
0.76,3.17,0,020:48:01
0.76,3.17,0,020:48:02
0.76,3.17,0,020:48:03
0.76,3.17,0,020:48:04
0.76,3.17,0,020:48:04
0.76,3.17,0,020:48:05
0.77,3.18,0,020:48:06
0.76,3.17,0,020:48:07
0.76,3.17,0,020:48:08
0.76,3.17,0,020:48:09
0.76,3.17,0,020:48:09
0.76,3.17,0,020:48:10
0.76,3.17,0,020:48:11
0.76,3.17,0,020:48:12
0.76,3.17,0,020:48:13
0.,31,,20:48:13
0.76,3.17,0,020:48:14
0.76,3.17,0,020:48:15
0.76,3.17,0,020:48:16
0.76,3.17,0,020:48:17
0.76,3.17,0,020:48:17
0.76,3.17,0,020:48:18
0.76,3.17,0,020:48:19
0.76,3.17,0,020:48:20
0.76,3.18,0,020:48:21
0.76,3.18,0,020:48:21
0.76,3.17,0,020:48:22
0.76,3.17,0,020:48:23
0.76,3.17,0,020:48:24
0.76,3.18,0,020:48:25
0.76,3.17,0,020:48:25
0.76,3.17,0,020:48:26
0.76,3.17,0,020:48:27
0.76,3.17,0,020:48:28
0.76,3.17,0,020:48:29
0.76,3.17,0,020:48:29
0.76,3.17,0,020:48:30
0.76,3.17,0,020:48:31
0.76,3.17,0,020:48:32
0.76,3.17,0,020:48:33
0.76,3.17,0,020:48:33
0.76,3.17,0,020:48:34
0.76,3.17,0,020:48:35
0.76,3.17,0,020:48:36
0.76,3.17,0,020:48:37
0.76,3.17,0,020:48:37
0.76,3.17,0,020:48:38
0.76,3.17,0,020:48:39
0.76,3.17,0,020:48:40
0.76,3.17,0,020:48:41
0.76,3.18,0,020:48:41
0.76,3.17,0,020:48:42
0.76,3.17,0,020:48:43
0.76,3.17,0,020:48:44
0.76,3.17,0,020:48:45
0.76,3.17,0,020:48:45
0.76,3.17,0,020:48:46
0.76,3.18,0,020:48:47
0.76,3.18,0,020:48:48
0.76,3.17,0,020:48:49
0.76,3.17,0,020:48:49
0.76,3.17,0,020:48:50
0.76,3.17,0,020:48:51
0.76,3.17,0,020:48:52
0.76,3.17,0,020:48:53
0.76,3.17,0,020:48:53
0.76,3.16,0,020:48:54
0.76,3.17,0,020:48:55
0.76,3.17,0,020:48:56
0.76,3.17,0,020:48:57
0.76,3.17,0,020:48:57
0.76,3.17,0,020:48:58
0.76,3.17,0,020:48:59
0.76,3.17,0,020:49:00
0.76,3.17,0,020:49:01
0.76,3.17,0,020:49:01
0.76,3.17,0,020:49:02
0.76,3.17,0,020:49:03
0.76,3.17,0,020:49:04
0.76,3.17,0,020:49:05
0.76,3.17,0,020:49:05
0.76,3.17,0,020:49:06
0.76,3.17,0,020:49:07
0.76,3.17,0,020:49:08
0.76,3.17,0,020:49:09
0.76,3.17,0,020:49:09
0.76,3.17,0,020:49:10
0.76,3.17,0,020:49:11
0.76,3.17,0,020:49:12
0.76,3.16,0,020:49:13
0.76,3.17,0,020:49:13
0.76,3.17,0,020:49:14
0.76,3.17,0,020:49:15
0.76,3.17,0,020:49:16
0.76,3.17,0,020:49:17
0.76,3.17,0,020:49:17
0.76,3.17,0,020:49:18
0.76,3.17,0,020:49:19
0.76,3.17,0,020:49:20
0.76,3.17,0,020:49:21
0.76,3.17,0,020:49:21
0.76,3.16,0,020:49:22
0.76,3.17,0,020:49:23
0.76,3.18,0,020:49:24
0.76,3.17,0,020:49:25
0.76,3.17,0,020:49:25
0.76,3.17,0,020:49:26
0.76,3.17,0,020:49:27
0.76,3.17,0,020:49:28
0.76,3.18,0,020:49:29
0.76,3.17,0,020:49:29
0.76,3.17,0,020:49:30
0.77,3.18,0,020:49:31
0.76,3.17,0,020:49:32
0.76,3.17,0,020:49:33
0.76,3.17,0,020:49:34
0.76,3.17,0,020:49:34
0.76,3.17,0,020:49:35
0.76,3.17,0,020:49:36
0.76,3.17,0,020:49:37
0.76,3.16,0,020:49:38
0.76,3.17,0,020:49:38
0.76,3.18,0,020:49:39
0.76,3.18,0,020:49:40
0.76,3.17,0,020:49:41
0.76,3.17,0,020:49:42
0.76,3.16,0,020:49:42
0.76,3.17,0,020:49:43
0.76,3.17,0,020:49:44
0.76,3.17,0,020:49:45
0.76,3.17,0,020:49:46
0.76,3.17,0,020:49:46
0.76,3.17,0,020:49:47
0.76,3.17,0,020:49:48
0.76,3.17,0,020:49:49
0.76,3.17,0,020:49:50
0.76,3.17,0,020:49:50
0.76,3.17,0,020:49:51
0.76,3.18,0,020:49:52
0.76,3.17,0,020:49:53
0.76,3.17,0,020:49:54
0.76,3.17,0,020:49:54
0.76,3.17,0,020:49:55
0.76,3.17,0,020:49:56
0.76,3.17,0,020:49:57
0.76,3.17,0,020:49:58
0.76,3.17,0,020:49:58
0.76,3.17,0,020:49:59
0.76,3.17,0,020:50:00
0.76,3.18,0,020:50:01
0.76,3.17,0,020:50:02
0.76,3.17,0,020:50:02
0.76,3.17,0,020:50:03
0.76,3.17,0,020:50:04
0.76,3.17,0,020:50:05
0.76,3.17,0,020:50:06
0.76,3.17,0,020:50:06
0.76,3.17,0,020:50:07
0.76,3.17,0,020:50:08
0.76,3.17,0,020:50:09
0.76,3.17,0,020:50:10
0.76,3.17,0,020:50:10
0.76,3.17,0,020:50:11
0.76,3.17,0,020:50:12
0.76,3.17,0,020:50:13
0.76,3.17,0,020:50:14
0.76,3.17,0,020:50:14
0.76,3.17,0,020:50:15
0.76,3.17,0,020:50:16
0.76,3.17,0,020:50:17
0.76,3.17,0,020:50:18
0.76,3.17,0,020:50:18
0.76,3.17,0,020:50:19
0.76,3.17,0,020:50:20
0.76,3.17,0,020:50:21
0.76,3.17,0,020:50:22
0.76,3.17,0,020:50:22
0.76,3.17,0,020:50:23
0.76,3.18,0,020:50:24
0.76,3.17,0,020:50:25
0.76,3.17,0,020:50:26
0.76,3.17,0,020:50:26
0.76,3.17,0,020:50:27
0.76,3.16,0,020:50:28
0.76,3.17,0,020:50:29
0.76,3.17,0,020:50:30
0.76,3.17,0,020:50:30
0.76,3.17,0,020:50:31
0.76,3.17,0,020:50:32
0.76,3.17,0,020:50:33
0.76,3.17,0,020:50:34
0.76,3.17,0,020:50:34
0.76,3.16,0,020:50:35
0.76,3.17,0,020:50:36
0.76,3.17,0,020:50:37
0.76,3.17,0,020:50:38
0.76,3.16,0,020:50:38
0.76,3.17,0,020:50:39
0.76,3.18,0,020:50:40
0.76,3.17,0,020:50:41
0.76,3.17,0,020:50:42
0.76,3.17,0,020:50:42
0.76,3.17,0,020:50:43
0.76,3.17,0,020:50:44
0.76,3.17,0,020:50:45
0.76,3.17,0,020:50:46
0.76,3.16,0,020:50:46
0.76,3.16,0,020:50:47
0.76,3.17,0,020:50:48
0.76,3.17,0,020:50:49
0.76,3.17,0,020:50:50
0.76,3.17,0,020:50:50
0.76,3.17,0,020:50:51
0.76,3.17,0,020:50:52
0.76,3.17,0,020:50:53
0.76,3.17,0,020:50:54
0.76,3.17,0,020:50:55
0.76,3.17,0,020:50:55
0.76,3.17,0,020:50:56
0.76,3.17,0,020:50:57
0.76,3.17,0,020:50:58
0.76,3.17,0,020:50:59
0.76,3.17,0,020:50:59
0.76,3.17,0,020:51:00
0.76,3.17,0,020:51:01
0.76,3.17,0,020:51:02
0.76,3.17,0,020:51:03
0.76,3.17,0,020:51:03
0.76,3.17,0,020:51:04
0.76,3.17,0,020:51:05
0.76,3.17,0,020:51:06
0.76,3.17,0,020:51:07
0.76,3.17,0,020:51:07
0.76,3.17,0,020:51:08
0.76,3.16,0,020:51:09
0.76,3.17,0,020:51:10
0.76,3.17,0,020:51:11
0.76,3.17,0,020:51:11
